Guideline,Description3.1.1 Language of Page,A web page should declare what human language it is in3.2.1 On Focus,When a user interface component gains focus it does not change the context of the page3.3.2 On Input,Changing something in the user interface does not change the context of the page3.2.6 Consistent Help (New to 2.2),If help content is available then it be in the same order relative to the content3.3.1 Error Identification,If input errors are automatically detected then the error is identified and described to the user3.3.2 Labels or Instructions,If user input is required then there should be a label or instructions for what input is required3.3.7 Redundant Entry (New to 2.2),Information the user entered previously should be either auto populated or available to select